114123 10 1 1 2022
141312 42 2	2 2023
168501 13 3 3 2022
195690 41 4 4 2023
222879 42.5	5 5 2022
250068 48.9	6 6 2023
277257 55.3	7 7 2022
304446 61.7	8 8 2023
331635 68.1	9 9 2022
358824 74.5	10 10	2023
386013 80.9	11 11	2022
413202 87.3	12 12	2023
440391 93.7	13 1 2022
467580 100.1 14 2	2023
494769 106.5 15 3	2023
521958 112.9 16 4	2022
549147 119.3 17 5	2023
576336 125.7 18 6	2023
603525 132.1 19 7	2022
630714 138.5 20 8	2023
657903 144.9 21 9	2022
685092 151.3 22 10 2022
712281 157.7 23 11 2022
739470 164.1 24 12 2022
766659 170.5 25 1	2024
793848 176.9 26 2	2023
821037 183.3 27 3	2023
848226 189.7 28 4	2023
875415 196.1 29 5	2022
902604 202.5 30 6	2022
929793 208.9 1 7 2024
956982 215.3 2 8 2022
984171 221.7 3 9 2023
101136 228.1 4 10	2024
103854 234.5 5 11	2024
106573 240.9 6 12	2023
109292 247.3 7 1 2024
112011 253.7 8 2 2022
114730 260.1 9 3 2024
117449 266.5 10 4	2023
120168 272.9 11 5	2024
122887 279.3 12 6	2024
125606 285.7 13 7	2024
128325 292.1 14 8	2024
131043 298.5 15 9	2024
133762 304.9 16 10 2023
136481 311.3 17 11 2022
139200 317.7 18 12 2024
141919 324.1 19 1	2024
144638 330.5 20 2	2022
147357 336.9 21 3	2022
150076 343.3 22 4	2023
152795 349.7 23 5	2022
155514 356.1 24 6	2022
158232 362.5 25 7	2024
160951 368.9 26 8	2022
163670 375.3 27 9	2023
166389 381.7 28 10 2022
169108 388.1 29 11 2023
171827 394.5 30 12 2024
174546 400.9 1 1 2023
177265 407.3 2 2 2023
179984 413.7 3 3 2023
182703 420.1 4 4 2023
185421 426.5 5 5 2023
188140 432.9 6 6 2023
190859 439.3 7 7 2023
193578 445.7 8 8 2024
196297 452.1 9 9 2024
199016 458.5 10 10 2022
201735 464.9 11 11 2022
204454 471.3 12 12 2022
207173 477.7 13 1 2024
209892 484.1 14 2	2024
212610 490.5 15 3 2024
